gmean: [0.2805884488220574,0.26893525498571585,0.2662997276590093,0.38924841710108576,0.41256659925519373,0.4049303629302773,0.4190517813599812,0.42295076330448556,0.4244420389525891,0.42260594382567873,0.4306351318009537,0.4304938865899432,0.4337670978974101,0.30979003965668206,0.30944953933770797,0.30493737151863637,0.41207259505345395,0.41492742098032764,0.41753325941213254,0.42013236062217496,0.41853525002055075,0.4151318647057337,0.41764223287712143,0.2940513615750886,0.28971878776038157,0.4166545238769784,0.41274485183174126,0.4160048047196335,0.41491755022714444,0.41297977860156576,0.4116349768090267,0.4145464292542254,0.41184304736629207,0.426040693150207,0.42361680226127946,0.4196943061818454,0.4233936945461687,0.4222629811157987]
accuracy: [0.07368152727366005,0.05407918531724147,0.06479818902384281,0.08248310225858996,0.0680671164180636,0.057271159050391825,0.061909220331157255,0.09847984455360463,0.09605901063243084,0.07542100065410612,0.06915889648450026,0.06140581513165489,0.05779059626261719,0.06612243327476304,0.06907072041452372,0.060421449550462365,0.06543626313021841,0.06120220857007272,0.06315971732355166,0.06272845618130282,0.061484371993997616,0.06472444176531698,0.06784266823994152,0.08166386640844438,0.08482217291487643,0.09381292564993779,0.0881023227180033,0.0865520270876887,0.10001891777501315,0.09476843360822891,0.08539772217163231,0.08968788877630854,0.08506746270953841,0.08031557413843964,0.07856968795290437,0.07515166284035962,0.07543863586810143,0.0729456578896741]
