gmean: [0.3072259525748966,0.30753794377222815,0.3111746403248146,0.3040879616380808,0.3089926028315073,0.28541855968124047,0.30607184738066123,0.2957776622420651,0.3002903848218483,0.284856881903149,0.31264210108077517,0.30191512532953213,0.2925112699791566,0.30892458881042845,0.2786473408052619,0.30108616641824704,0.29066046624764796,0.32238282407669444,0.29029070440063665,0.3171122436892279,0.30543737103085,0.3172911388779062,0.3026213949648821,0.3066156080055814,0.3062896893916125,0.2925205654206729,0.3088517486486755,0.3017818258166811,0.3000297457206974,0.29223419585642485,0.3158033565013138,0.28648538449846866,0.2948408450441068,0.3039992661884446,0.3060227935809725,0.3041621888166576,0.30381882709042307,0.29885437765997513,0.28172071619765304,0.28442255203343836,0.32157466236574805,0.2978747758955706,0.31209300175050936,0.3030090704712861,0.30309161631895165,0.31305836340923515,0.2980503386887233,0.29670844306498995,0.2947034405445985,0.2971157236923242,0.3213710624237734,0.3063057124511108,0.31020100714466114,0.29420534599826437,0.3056247064259818,0.292321330429183,0.29374754262331276,0.2842761387021249,0.3168898459303223,0.29726197377473523,0.28640418038147464,0.29510338769689165,0.3074385257722293,0.3178258758406602,0.29820367310171036,0.30812824806144523,0.2990692914206479,0.3038217457668478]
accuracy: [0.14867928279187884,0.1410769023586297,0.037691261911785456,0.04806076774102528,0.13444766509766704,0.33639491336300326,0.07448954071489951,0.17963228975618514,0.15060312431863945,0.250421641934615,0.1461333991714656,0.2079255858097449,0.17294373404814734,0.021354640947043056,0.09224339160435557,0.14263521399530582,0.27659710910746577,0.10573593351203683,0.2889674101245367,0.04945715604919904,0.18336614551937308,0.06414728930728879,0.11022650027575062,0.1991737100642563,0.01955584911952186,0.3218154009927022,0.14915703677102438,0.07979774012748657,0.2972335158845182,0.21936442688760918,0.2708352037348177,0.19818132847670228,0.21388147853634137,0.002034462414549372,0.09964697507983943,0.1398023573471508,0.07901377470533161,0.21440251894983903,0.22268305352127127,0.3305560543292847,0.2793482024907335,0.03218586874270543,0.07582019777090895,0.0584238607651759,0.04564634662494068,0.02214822557683182,0.04957098333953238,0.23587900319357694,0.12151464043401865,0.060403814336467056,0.20284343777655223,0.038824725211301925,0.20600014108171197,0.0998906616732291,0.021359450550859957,0.1837525170259975,0.25538194667111286,0.34486141928202235,0.11495915043158178,0.08164302479190448,0.34488546730110686,0.05088560838281881,0.1434784978645359,0.15472174838717953,0.23651707729995256,0.1053158947786941,0.01343642986315074,0.1519482101860996]
