gmean: [0.30000000000000004,0.30000000000000004,0.30000000000000004,0.30000000000000004,0.30000000000000004,0.30000000000000004,0.30000000000000004,0.30000000000000004,0.30000000000000004,0.30000000000000004,0.30000000000000004,0.30000000000000004,0.30000000000000004,0.30000000000000004,0.30000000000000004,0.30000000000000004,0.30000000000000004,0.30000000000000004,0.30000000000000004,0.30000000000000004,0.30000000000000004,0.30000000000000004,0.30000000000000004,0.30000000000000004,0.30000000000000004,0.30000000000000004,0.30000000000000004,0.30000000000000004,0.30000000000000004,0.30000000000000004,0.30000000000000004,0.30000000000000004,0.30000000000000004,0.30000000000000004,0.30000000000000004,0.30000000000000004,0.30000000000000004,0.30000000000000004,0.30000000000000004,0.30000000000000004,0.30000000000000004,0.30000000000000004,0.30000000000000004,0.30000000000000004,0.30000000000000004,0.30000000000000004,0.30000000000000004,0.30000000000000004,0.30000000000000004,0.30000000000000004,0.30000000000000004]
accuracy: [0.5015695340455822,0.5015695340455822,0.5015695340455822,0.5015695340455822,0.5015695340455822,0.5015695340455822,0.5015695340455822,0.5015695340455822,0.5015695340455822,0.5015695340455822,0.5015695340455822,0.5015695340455822,0.5015695340455822,0.5015695340455822,0.5015695340455822,0.5015695340455822,0.5015695340455822,0.5015695340455822,0.5015695340455822,0.5015695340455822,0.5015695340455822,0.5015695340455822,0.5015695340455822,0.5015695340455822,0.5015695340455822,0.5015695340455822,0.5015695340455822,0.5015695340455822,0.5015695340455822,0.5015695340455822,0.5015695340455822,0.5015695340455822,0.5015695340455822,0.5015695340455822,0.5015695340455822,0.5015695340455822,0.5015695340455822,0.5015695340455822,0.5015695340455822,0.5015695340455822,0.5015695340455822,0.5015695340455822,0.5015695340455822,0.5015695340455822,0.5015695340455822,0.5015695340455822,0.5015695340455822,0.5015695340455822,0.5015695340455822,0.5015695340455822,0.5015695340455822]
