gmean: [0.40776987395933767,0.419737825574939,0.42293615119082073,0.4202146884467668,0.4202619201719202,0.42166423123446056,0.4225983225438214,0.4222868176939884,0.42598792969129595,0.4260123197360206,0.427310964654474,0.4281672314359594,0.429054302951093,0.4298820079672938,0.42897375538008836,0.4289610292083444,0.42878677535151904,0.4278128949157945,0.4251408435080845,0.4251817865585934,0.4250297827629983,0.42543827772844434,0.42537694958514605,0.4235606293998323,0.42542243442323385,0.4253058459784316,0.42466917624043843,0.4240972286155052,0.4230665517477943,0.4234051848459442,0.4244674338569444,0.4246033404259599,0.4236248253690741,0.423410933032959,0.42268601655102944,0.42205861188966576,0.4213841529835252,0.4223056391400139,0.42291473878044294]
accuracy: [0.6032044787030743,0.6434304018263669,0.677929690005002,0.6916803473175236,0.6989877387166694,0.7145403942592569,0.7219247393194731,0.7243038900075671,0.733254562710821,0.7351928330490323,0.7426076389334223,0.746452115584399,0.7512488937911221,0.7519543023509343,0.7530236375995588,0.7554685195398171,0.7571518808757327,0.7579550847131552,0.7564801395426387,0.7581683104823712,0.7601065808205826,0.7624023650425169,0.7609691031050803,0.762477715502315,0.7629057702420192,0.7641722992471367,0.7657225948774513,0.7654436378560711,0.766291731329118,0.7666139747848504,0.7656328156062024,0.7652175864766766,0.7652640793135733,0.7670243943105594,0.7656921340532776,0.7672456360861368,0.766569085149226,0.7675839115545922,0.7666540548166579]
