accuracy: [0.5577889930613449,0.5832189716425759,0.6284853595659814,0.6780387076915184,0.7142005155895291,0.7562492785594275,0.7827934820249073,0.7311992586797317,0.799264771896523,0.864816465518347,0.873746296605061,0.9080916774615553,0.85830265874899,0.9344659415921712,0.936598199284331,0.947721209711552,0.9359184419448755,0.9561524452025805,0.9626774743808437,0.9651768651643602,0.9712289499672947,0.5015695340455822,0.5015695340455822,0.5015695340455822,0.5015711372468545,0.9552273980684631,0.9701435827059472,0.5015695340455822,0.5015695340455822,0.973433351716708,0.9710862650540599,0.9816289166207083,0.9827832215367646,0.9861820082340418,0.5015695340455822,0.5015695340455822,0.5015695340455822,0.5015695340455822,0.5015695340455822,0.5015695340455822,0.5015695340455822,0.5015695340455822,0.5015695340455822,0.5015695340455822,0.5015695340455822,0.5015695340455822,0.5015695340455822,0.5015695340455822,0.5015695340455822,0.5015695340455822,0.5015695340455822,0.5015695340455822,0.5015695340455822,0.5015695340455822,0.5016464877066527,0.501989572778925,0.5020280496094601,0.5021354640947043,0.5023486898639202,0.5025378676140517]
gmean: [0.32810272413886676,0.3404259319007613,0.35174342886874665,0.3737024310790318,0.3923012640107311,0.4267312288334394,0.4406502254732963,0.41144617916248394,0.447281734126697,0.4857703104237587,0.5209327554121248,0.521142154080474,0.48604908508569344,0.546604001062042,0.5473971699260253,0.5614328938642548,0.5604281431733857,0.5728392647827929,0.5855615509451211,0.586805544856985,0.5947255442283166,0.3000000073343919,0.3000000073343919,0.3000000073343919,0.30001159475711064,0.5823999995680051,0.5940403345959373,0.30000000000000004,0.3000039998057327,0.6086427426452234,0.5961652336085528,0.6155135305304704,0.6301781205233565,0.6371960409327793,0.30000000000000004,0.30000000000000004,0.30000000000000004,0.30000000000000004,0.30000000000000004,0.30000000000000004,0.30000000000000004,0.30000000000000004,0.30000000000000004,0.30000000000000004,0.30000000000000004,0.30000000000000004,0.30000000000000004,0.30000000000000004,0.30000000000000004,0.30000000000000004,0.30000000000000004,0.30000000000000004,0.30000000000000004,0.3000564487954095,0.30335767701911887,0.3175846490611115,0.31946758341585113,0.324456114934118,0.3345032182692422,0.3565258760192727]
