multi_logloss: [25.364756623701748,30.83232650798058,30.541663926040847,31.999225959385544,32.579450920382754,33.43389833252079,33.83072611933996,33.95086811869614,34.04062683572205,34.13065604822422,34.14412467471422,34.16182476833662,34.18928122664631,34.186426847111264,34.20585315276388,34.21438805348208,34.216855618147385,34.214271045314305,34.23603923021795,34.22976129108947,34.22054859272285,34.21312970519377,34.24330644985214,34.1490754419726,34.17361845100212,34.07486367062856,34.10830088083605,34.12907628107535,34.157054046757516,34.14266173626474,34.12993416240263,33.9165248631364,34.14886328276199,34.321573409804955,34.341317677653905,34.41966991302613,34.43882883617765,34.26058440373621,34.26058440373621,34.26058440373621,34.26058440373621,34.26058440373621,34.26058440373621,34.26058440373621,34.26058440373621,34.26058440373621,34.26058440373621,34.26058440373621,34.26058440373621,34.26058440373621,34.26058440373621]
gmean: [0.43100030596576033,0.47780315730665407,0.3481105659076977,0.3396536877405855,0.3386032179600723,0.3591569677770302,0.36881563918967286,0.351164682979565,0.377505977798287,0.38267967236074424,0.373249731461781,0.3738471169836411,0.37465714491271324,0.3756165501959557,0.3756176304942066,0.37461885795161465,0.37642195145230667,0.3606427115761321,0.3602402022815644,0.36433339091901273,0.3636076429099417,0.37677528237539515,0.36367017565798826,0.3499180870467275,0.3344592734017676,0.3386638885609195,0.3424959944986768,0.33758017341528423,0.328151068831029,0.3329273351134866,0.3365278921207699,0.35295335740716965,0.34457951880743415,0.37221168644368574,0.3717069700482724,0.3682781874758519,0.31943045791496166,0.34920361744092193,0.34920361744092193,0.34920361744092193,0.34920361744092193,0.34920361744092193,0.34920361744092193,0.34920361744092193,0.34920361744092193,0.34920361744092193,0.34920361744092193,0.34920361744092193,0.34920361744092193,0.34920361744092193,0.34920361744092193]
