gmean: [0.4486886499458538,0.37648753889470876,0.41843455250598477,0.42283881342808577,0.4210567172750368,0.42466690155208925,0.42562281083781905,0.4319065305258076,0.43245994622649153,0.43251042763116315,0.433813988062928,0.43679713861187586,0.43546992229101167,0.43648686095930006,0.43520475576735373,0.4360523535277409,0.4362424798684172,0.43714294295672884,0.4386566871700979,0.43980934711844455,0.43870938881617827,0.4414594807155861,0.4436842279348432,0.4424077077496159,0.4434431758472531,0.441029299389475]
accuracy: [0.5625152304120868,0.6081631802382998,0.6147795918890842,0.6486744731880619,0.6592299503648886,0.6755248880965512,0.671229911888058,0.6799465172055561,0.684186984570791,0.6952105965191294,0.6980386435634676,0.707760456078698,0.7108594441380549,0.717160025138196,0.7166950967692288,0.7253107004065719,0.7248393592325155,0.7304778181071965,0.7294341340789288,0.7339615744719055,0.7354285036360605,0.7371519450037836,0.7367094614526286,0.7406837974066616,0.7418990239710654,0.7441178545319294]
