n_jobs: -1
n_estimators: 200
random_state: 42
verbose: 2
max_depth: 25
min_samples_leaf: 3
min_samples_split: 2
min_weight_fraction_leaf: 0
max_features: auto
max_leaf_nodes: None
min_impurity_decrease: 0
bootstrap: False
oob_score: False
class_weight: {0: 0.1995301487862177, 1: 0.23664772727272726, 2: 2.1035353535353534, 3: 4.732954545454546, 4: 25.48, 5: 50.88018794048551, 6: 69.41666666666667, 7: 416.5, 8: 7219.333333333333, 9: 64974.0}
