multi_logloss: [1.0529754912005733,1.0045074775773808,0.9931489986875078,0.9868091416885737,0.9675446473700465,0.948608882762602,0.9303707535542887,0.9199598395647556,0.9111863118704892,0.9032926477021808,0.9011197834120268,0.8951641803123913,0.8787201171300959,0.8726977375212975,0.8535551270777585,0.8342294592217407,0.833620295202829,0.8403164254325436,0.8235925768087519,0.8145246006478459,0.8143836051575222,0.8108673675924599,0.7930128500433111,0.8244223840293804,0.7980070989860547,0.8122501106019623,0.7999826359840287,0.8250298447387093,0.8013708882755832,0.853600471657183,0.7869881619125225,1.0077346569124135,0.9290808028719046,0.9529737889455895,1.0453630827185751,1.0005185082581005,1.173787519762337,1.1465759339704984,1.4586822497830996,1.1953479272786924,1.7892906701823574,1.3029910323082021,1.6038042247166968,1.4629206955913563,1.5415888887024827,1.5815050329619573,1.4238286267870548,1.7495848996965295,1.4995822031502197,2.2011307838626704,1.563069574127564,2.230081125132929,2.120351981855646,1.7877984802295173,2.8913511228326176,2.5263302185024274,3.195551761773233,2.807847426974849,4.4345082210748625,4.130108617409421,3.7620829990476485,3.9750108935875184,3.995133098507154,3.997394060942437,4.048428031446245,5.75513601717924,4.8188099387647005,5.1924547914677746,5.321184915136712,5.31173800163435,5.3517314906019005,5.2651530709596415,5.728315678691684,5.381595952448177,5.527618275900702,5.3561619321843335,5.395882958299322,5.463986627674977,5.603426604317073,5.527823762196479,6.762456516042978]
gmean: [0.3349912150485777,0.37469655999820367,0.37440136071639146,0.40306307518658907,0.41306343567433595,0.41895632830674584,0.43730461719358216,0.44858424525892354,0.44758558100795665,0.44823780190459317,0.449275500636609,0.4539168880232256,0.4555172022186924,0.46499237128140897,0.4700728457160869,0.4759690794422221,0.47380168225517155,0.47796660471986985,0.4764892170084907,0.4785033334618622,0.48127577267594307,0.47908081146338566,0.48586397136748666,0.4861370590822878,0.4946358000127534,0.4880344231772757,0.4974822547406545,0.4914879659560476,0.5117976047032269,0.5178492435565353,0.5236075961732453,0.5135692702082321,0.5241676968484937,0.5165737139156386,0.5265223802751797,0.5150945346517765,0.5151694848377529,0.5195671072780623,0.5181763299212534,0.5217173896525146,0.5174048801461274,0.5196201259832641,0.5180112313767892,0.5183429877957013,0.5174870701051884,0.5166088626442815,0.517258141319339,0.5135636908312737,0.5026274165319083,0.5108669986278289,0.4977751398188872,0.4942993485112388,0.4946626853262991,0.49730662539845677,0.4902119261211731,0.4908852809890027,0.4878514944406742,0.4901074286380298,0.48032750557027853,0.483316839742338,0.48487273845947393,0.48290825241771196,0.4847109424258197,0.48430716790821976,0.48365545893992495,0.48699297265725866,0.48067477477390436,0.4917702207403991,0.4759805528724302,0.4895746729797347,0.474625811570539,0.47455493294991646,0.4686110253527254,0.4726444643570102,0.4719630400478803,0.4726366505091965,0.490248454672895,0.4713643855846535,0.4694885857975217,0.4691809883512993,0.46036052840283403]
