multi_logloss: [24.29417582459079,31.030144422611034,33.897640385931425,33.978372606586994,33.973083538469254,33.9673043971078,33.96733833976228,33.97709688428007,34.249419317105456,34.248698983970726,34.2462080267039,34.24946327955982,34.253835150596935,34.25477674180788,34.25643796822648,34.25853561715642,34.27680881009291,34.27649061640836,34.27649061640836,34.27649061640836,34.27649061640836,34.27649061640836,34.27649061640836,34.27649061640836,34.27649061640836,34.27649061640836,34.27649061640836,34.27649061640836,34.27649061640836,34.27649061640836,34.27649061640836,34.27649061640836,34.27649061640836,34.27649061640836,34.27649061640836,34.27649061640836,34.27649061640836,34.27649061640836,34.27649061640836,34.27649061640836,34.27649061640836,34.27649061640836,34.27649061640836,34.27649061640836,34.27649061640836,34.27649061640836,34.27649061640836,34.27649061640836,34.27649061640836,34.27649061640836,34.27649061640836]
gmean: [0.44337077281300613,0.348183101134505,0.33937168904201165,0.33575461159469533,0.3352556902633226,0.3347774425764139,0.3347774228758851,0.33466019746047154,0.4311346428038902,0.43084155240826094,0.43084266015099654,0.4308173752279877,0.4307833544071671,0.43078578783080634,0.43077001207679644,0.43074534051831265,0.4306392762490503,0.4306406241972423,0.4306406241972423,0.4306406241972423,0.4306406241972423,0.4306406241972423,0.4306406241972423,0.4306406241972423,0.4306406241972423,0.4306406241972423,0.4306406241972423,0.4306406241972423,0.4306406241972423,0.4306406241972423,0.4306406241972423,0.4306406241972423,0.4306406241972423,0.4306406241972423,0.4306406241972423,0.4306406241972423,0.4306406241972423,0.4306406241972423,0.4306406241972423,0.4306406241972423,0.4306406241972423,0.4306406241972423,0.4306406241972423,0.4306406241972423,0.4306406241972423,0.4306406241972423,0.4306406241972423,0.4306406241972423,0.4306406241972423,0.4306406241972423,0.4306406241972423]
