boosting_type: gbdt
n_jobs: -1
num_class: 10
n_estimators: 100000
class_weight: {0: 0.1995301487862177, 1: 0.23664772727272726, 2: 2.1035353535353534, 3: 4.732954545454546, 4: 25.48, 5: 50.88018794048551, 6: 69.41666666666667, 7: 416.5, 8: 7219.333333333333, 9: 64974.0}
num_leaves: 60
max_depth: 10
learning_rate: 0.4
min_split_gain: 0
min_child_samples: 5
subsample: 1
subsample_freq: 0
colsample_bytree: 1
reg_alpha: 0
reg_lambda: 0
objective: multiclass
metric: multi_logloss
