multi_logloss: [1.0055722235737656,0.9692233142046404,1.03966585802032,1.026314879022739,1.0025306991911744,0.9491554883191833,0.9956140742684032,0.9429824612463837,0.9731340579453504,0.9671633071844753,0.9536418751893069,0.9187211628824695,0.9447719101678486,0.9472232059374375,0.9134594065067251,0.9384771343892037,0.9100088446635246,0.9202609507823057,0.934305355695749,0.8891553216941507,0.9294517749053011,0.8799966805867687,0.9021059261275161,0.964940238773117,0.8698926689883809,1.0010513519564983,0.8764781651123406,0.9234632038115498,1.0490474473609546,0.9089411392985791,0.9447619095532317,0.9983262860241738,0.9551699147445883,0.9026919557641307,1.2786451002229529,0.922439503151789,0.9741483876693177,0.8991025761225702,0.9860097484804031,0.9969451972081385,1.0278261210378128,1.0618929358940854,1.0862895153933707,1.1378671418006445,1.1070477745762677,1.1276691512128068,1.344038781562168,1.1865599431070575,2.9365700426060513,1.7362229426870255,1.7324059557021474,1.5875567143668075,2.012611037882043,1.8112496481621756,1.7187231190234882,1.8771051075084728,1.7126095323515762,1.8831969392889072,1.69366692360967,1.995581045375836,1.8328490326862574,2.273709912561714,1.8689334330509952,2.1308213561039917,2.530011682578675,2.1189445208646895,2.0964494300217487,2.1495143416345472,2.1080170311416393,2.16772726656999,2.100305952171374,2.2052988010115357,2.116016345711348,2.153114185732796,2.1037540916487534]
gmean: [0.301678339673603,0.31254025367464977,0.31836963194272955,0.3241155698806374,0.3259813657189301,0.33477665981570764,0.33819328312007985,0.3693056335357101,0.37261662311239063,0.40126639454053625,0.40352942496397526,0.4059732122857584,0.4079504421630954,0.4128722655321919,0.4157878591462233,0.4198988616846731,0.4218040085305182,0.4271758926281624,0.42720491276370864,0.43032500931490386,0.43254059635562997,0.43509671049479004,0.4367495196348905,0.45525415295356364,0.4475178708818654,0.45101089946796097,0.4525230291069238,0.45631612227117524,0.45630917721930314,0.4564517026337337,0.4604479044308107,0.46159734109081274,0.4626213561547395,0.46656119268157953,0.4634941941134769,0.46537668222766215,0.4662999755503111,0.46743608621722244,0.46768499966226407,0.46593334363288086,0.4671467449083978,0.4682294105846499,0.4682159102461417,0.46989947430168544,0.4694470413756431,0.4708306088725234,0.47043530083955215,0.4709284039234197,0.4601580309226978,0.47117862413534484,0.4694863119930696,0.46967028691892665,0.4654305062141748,0.4659957540223945,0.4704939728964782,0.4688690211946146,0.4710339824426563,0.4715071067897419,0.47275511912119966,0.4716038505215726,0.4722085706568014,0.4690432435387038,0.47207115387822207,0.47014921013944705,0.4665326123527419,0.46954997038051405,0.4707744385346723,0.46997546048977706,0.47017299978098953,0.47191814326144527,0.473061932599335,0.4711160377009781,0.47212599149524803,0.4715458018796488,0.47236306002924]
